0
0
0
0
0
0
0
0
805,76
130094,03
0
1558
0
0
0
0
0
0
0
0
0
0
0
0
0
0
0
0
49706,01
0
22744,92
4900
0
205396,8
28590,15
0
0
910,98
0
0
57,46
0
0
0
0
303,75
5557,5
0
0
19171,67
18875,37
0
0,1
140,8
1291,7
26108,37
223403,42
0
0
46,24
0
40905,4
145986,17
0
931,2
212669,45
0
0
0
525,44
5,49
0
0
15998,22
1418449,12
111498,91
0
0
0
0
298802,92
0
304
0
39724,09
10910,88
480,69
134034,84
200,1
129,98
18,25
0,19
145
5351,4
0
0
0
77,21
3476,5
460
188
0
37029,46
0
604,18
0
160
113673,48
80
11123,76
31684,45
0
0
24761,78
1140,88
57850,43
115001,45
0
234779,84
142,39
214,91
0
14547,61
0
915079,81
0
0
0
566258,77
136295,72
0
1648,02
0
0
0
0
0
0
0
0
0
0,92
101574,54
0
10,62
12,15
0
0
0
0
0
0
3148,58
82
0
514217,42
0
0
0
35,77
0
0
1417809,4
605302,28
0
0
0
0
201075,79
10,4
132000
0
0
32616
0
0
0
0
168,7
259205,83
0
83,26
0
0
0
0
0
233,38
2000
25,03
3558,46
0
0
0,37
0
0
0
0
0
99,12
0,04
0
0
0
0
0
60
19,08
0
0
0
301,85
310
0
0
0
5,98
0
55045,83
0
0
0
0
0
100
0
0
0
0
0
0
43464,72
1277,61
0
78366,04
13936,15
16308278,82
0
74725,37
7600
0
0
0
158595,92
0
44032,29
11,33
14,34
175,96
0
0,72
10
0
92922,09
0
0
240,96
2393,48
0
7513,48
566,92
0
0
0
117818,09
74,77
0
0
0
0
1646,8
0
34,12
0
33996
0
41,28
0
0
0
0
0
334397,88
65,14
19395
22,88
0
0
16886,58
0
127,26
0
0
0
0
0
0
6,83
93004,24
78540,66
0
77718,54
59962,51
0
1914,6
0
98057,83
0
20453,36
55,89
0
0
177545,18
0
0
0
0
26,36
57984,25
0
0
40593,3
0
1500
33977,29
21669,07
0
53,96
242159,21
0
245835,21
0
0
0
0
0
101,31
0,09
47697,89
0,4
781667,87
0
0
0
0
57767,64
0
65
877533,29
147
0
0
0
0
0
18074,85
0
63,28
0
58,86
0
0
246652,19
0
0
0
0
228,4
229169,32
377,78
0
0
0
65,22
0
0
0
84,07
0
79,08
72085,01
0
11835,06
9,9
67620,32
0
0
1166,92
18957,5
0
11,28
53,44
0
320,58
0
5,97
33,06
1,26
0
0
53283,18
0
9,5
0
0
0
5000
0
0
0,1
0
290097,53
95,4
356913,45
0
0
350,77
17637
0
3268,05
0
10,83
0
0
0
45134,88
0
0
696,03
1,14
3321,18
358,75
0
0
23226,04
0
2,97
0
0
0
1389,91
2126
0
252,9
0
0
2,25
0
0
0
65,26
6302,99
0
0
0
0
84465,88
0
0
0
16600
0
0
17,12
0
0
114,93
0
1714239,72
0
0
1893,82
406,63
538128,29
65485,74
0
0
0
48628,21
51588,12
325,2
0
0
0
0
2180,65
0
0
537,51
0
0
1652,29
0
0
0
0
0
82207,28
29,97
0
0
0
2199,66
43984,13
1166,31
0
0
0
2069,51
1434,9
0
110315,07
0
0
237354,95
0
483833,81
0
0
30000
0
0
0
23340
0
0
0
272,17
406,64
0
0
0
0
170,63
0
0
0
0
99503,03
197,48
0
514692,28
0
0
0
0
0
0
0
148414,56
71638,36
0
14376,4
1506,58
605825,71
0
0
258,27
0
353917,49
0
0
0
0
0
0
0
0
0
0
0
0
0
0
0
61426,56
0
0
0
298,28
0
183,4
1719,92
0
232696,08
0
0
0
0
0
562694,17
0
0,15
36356,94
4842,6
9206,13
53022,76
1235,26
33938,79
3000
0
0
3,32
0
1989,72
318,8
1715,62
0
115,96
526,21
0
442947,96
26,26
0
0
0
63406,21
308800,86
0
132718,33
1272,28
13256,88
29775,36
0
0
0
0
0
0
2978,8
0
1563,66
16374,62
563849,34
0
0
0
4397,28
0
215472,44
0
8
0
0
0
0
0
0
0
0
0
0
0
6221,22
0
0
0
0
0
835
450,88
0
48,8
13
31,09
836,3
35,66
0
38434,55
0
0
2867,94
0
0
1416,35
0
31792
0
20000
220
0
2694,4
360036,37
800,6
1640,85
715,94
102067,2
0
1956
2250
17082,03
4835,24
9615,52
4,5
0
0,37
0
0
2,13
0,76
0
46609,59
0
19,31
0
0
0
0
4
23,66
0
0
0
0
0
160926,66
0
0
995,5
0,16
991,45
27
0,22
225881,7
13140
2471,95
0
18976,67
917,88
1108,13
0
0
0
0
274412,99
363819,34
38439,83
0
4080,49
0
0
49413,8
46528,04
0
0
2818,8
84,21
10392,6
0
0
0
145874,33
110268,43
0
33,33
538818,48
0
0
34272,42
0
322231,15
181,59
42,81
0
0
170294,63
289771,67
0
89157
0
28661,68
239702,22
68861,76
0
0
0,12
0
0
1,71
12654,42
0
0,27
0
0,89
1937,69
73,58
195988,3
3
6928,77
0
11684,41
50
0
0
0
0
596875,85
395057,3
3,47
31607,49
0
106,08
0
0
0
21,35
661160,51
0
376591,47
0
111,75
176
0
0
348
0
0,27
217,4
0
0
523,75
0
0
0
0
302324,72
745
0
466,22
2266,96
0
0
0
278134,49
0
0
665,88
0
0
0
23,16
0
0
0
619445,42
0
0,39
0
0
0,16
0
1390
0
0
0
0
0
47000
0
364,8
1834,14
0
0,07
0
0
0,29
0
0
1746343,14
0
3000
0
0
0
472,16
0
0
0
780
0
0
100000
0
0
0
0
0
0
0
142243,53
367,87
463091,48
92,14
0
604,97
0
0
0
0
34090,43
0
293628,15
0
0
138,06
36,85
0
0
0
0
0
0
0
0
0
3,07
13,38
2329,18
0
0
11982,96
0
54534,95
0
0,12
20,74
867,6
106,7
0
0
0
235485,29
0
978
253339,5
0
0
25462,34
383,61
0
0
0
445,8
0
0
0
263,01
0
0,42
30095,12
0
0
118610,94
0
0
70267,91
0
106,66
0
47404,25
3,76
4027,08
3652330,64
0
12028,43
21,78
179095,79
0
83683,39
18087,51
0
56104,03
0
0
61922,21
0
0
0
0
318922,81
0
170,7
0
135969,21
0
99,04
101,16
0
5
354,4
1770,3
0
0
0
2,62
103098,87
544
1663,91
70
0
0
0
0
0
163515,71
18351,5
0
583,6
2114,16
20431,76
202999,38
258321,76
841778,64
54044,28
20,5
0
0
0
0
0
27,52
279,36
0
0
5756,4
0
0
76693,8
7023
0,02
143782,28
0
0
0
2206,15
66,43
337,28
210
106862,15
315
0
0
0
38349,05
0
0
5531,44
0
0
273150,72
0
0
0
0,42
2,96
0
0
0
6,96
0
15274,32
0
0
0
0
0
5647,18
0
63370,1
0
0
117,25
0
0
0
0
0
0
0
0
0
0
0
0
0
22243,89
6187,7
0
0
0
0
23531,64
0
33,52
0
0
0
667031,2
0
0
0
0
0
0
0
0
0,02
8919,36
0
1746
10,58
0
93987,28
0
116
581693,45
0
60,06
0
3044,43
0
0
0
159954,24
14745,35
1000,09
0
0
0
429,4
0
0
0
0
0,8
165,04
0
0
0
39674,79
1400,55
228588,04
0
0
0
0
0
0
195401,15
0
0
0
0
152725,71
0
0
1000
0
922,7
222065,47
0
0
0
0
26
0
0
6320,04
1775
121812,85
0
0
0
5
384896,55
0
0
16999,11
0
0
0
0
30219,98
0
178,24
610,48
0
141893,03
0
0
1251,25
0
215216,21
123423,86
129,58
0
0
6350,35
0
634,82
0
0
365963,47
0
0
0
0
0
0
513,98
60,04
2881292,06
177127,07
0
0
0
0
16459,7
8438,39
0
0
0
44,56
3347,57
0
61519,74
0
68,94
0,79
0
168,48
228,77
54194,36
0
0
0
33467,74
0
0
47,88
0
0
55611,25
0
125172,31
0
6,9
1,15
0
119,95
200000
0
0
0
194,04
0
75535,86
269,35
0
0
0
69679,43
912889,66
75,93
0,21
22255,66
0
57,2
0
0
35,75
539,03
0
1799,21
162,5
0
0
54,36
13930,33
0
0
0
0
0
0
0
0,97
0,7
0
0
0
0
0
0
9,53
108,38
0
61031,5
1620
0
0
0
188,92
3393,01
17258,78
0
10125271,55
0
77,82
0
615080,26
553,58
0
108,93
3,24
0
0
118879,29
35,7
22625,85
47317,95
1303,71
369628,39
0
689113,17
0
0,77
0
0
0
0
0
27789,52
0
0
306
53012,61
13403
3633,28
436527,36
372693,37
0
479,08
0
0
0
0
2790
197948,82
0
0
896,5
0
0
0
57,37
0
0
2640404,18
0
400
0
0
8266,35
0
21,68
3314,57
2832,4
0
53598,66
538897,99
1951625,18
0
0
0,91
49476,49
0
400,4
0
0
34088,3
38032,75
302839,09
0
0
254,9
199,89
0
0
0
125
959894,23
0
0
0
0
810
292,16
0
0
99,1
0
2400
0
0
0
0
2147,56
4261,25
300
1217,79
4
0
0
0
275883,74
0
10,06
2
0
0
186,93
0
10363,31
0
778,75
0
35137,7
0
0
329,7
0
0
2891,24
11314,48
75,9
2135,08
1963,57
0
48559,54
45899,59
0
0
0
0
0
0
6835,5
210
140660,44
558,5
114,9
122,69
269,42
0
0
110
10603,48
181,65
65
0
0
7339,38
205
134998,74
0
1613,58
0
0
0
258221,39
0
0
0
0
0
0
0
0
0
162838,87
3572
0
0
0
0
163319,67
0
0
198,16
4826,79
32,8
0
96383,73
0
0
0
19,99
11715,59
424923,94
0
127189,44
0
251311,61
0,16
3298,63
0
1064
345,8
4644,36
0
0
0
83738,25
7,5
0
0
142,27
33,8
0
0
0
26,01
0
0
0
192878,58
0
0
0
7501,26
0
0
2436,37
0
36,87
124799,23
0
0
2000
0
0
6,4
0
35761,21
0
115,92
0,14
19209,95
0
0
0
0
0
0,2
34,53
0
0
558,53
523,05
0
216698,36
24,78
21921,65
485,26
0
0
66,42
382575,04
0
0
104097,71
0
0
2339,25
325324,51
5,05
0
79,62
232351,85
0
17927
0
500
439,18
0
48,84
144,23
0
4348,92
0
0,7
88685,72
200
26216,32
9,52
0
0
13004,85
0
556,08
0
538,16
16594,32
52,21
10646,07
195181,4
0
0
17677,35
58058,29
239,4
0
0
184774,52
20732,56
0
0
0
0
0
172722,28
0
931193,34
922395,6
115348,11
148726,84
187292,6
590,84
39,59
25618,44
499,2
0
540
0
0
363
0
369599,09
38,18
121315,32
13150,97
566
0
0
0
0
3641,4
0
704,03
1515,75
0
5
0
38,35
0
23769,22
629708,55
0
5,36
0
144,44
0
0
19354,38
0
335,5
0
0,18
0,37
0
42351,16
2508
0
87,6
0
19890,43
900,54
0
64770,34
921426,14
270,73
184
229016,31
0
0
227513,04
0
0
0
1377,09
0,4
77979,04
197693,69
229586,21
61748,82
1729,73
0
0
0
0
0
13,07
0
0
0
14,31
0
66707,12
0
198,66
87885,48
0
1683416,38
0
12022,73
18,2
0
23294,52
0
0
0
0
0
36882,27
0
3001,74
0
0
71,02
204514,73
0
27788,04
0
0
182254,71
0
2,8
12215,6
0
7,63
0
0
101,17
56,6
0
1521,97
0
56,6
0
274597,1
0
0
149999,18
1361311,37
0
0
364925,86
0
0,01
0
0
82611,09
47282,67
854
412493,81
0
0
216844,04
14,84
0
40858,53
0
0
0
2492,47
0
0
0,28
0
0
1185,51
0
0
15171,84
185,27
1,01
0
95940,69
1018,76
0
219095
0
0
0
0
55,1
1275
199395,67
0
92737,23
0
22735,27
0
0
32
0
0
0
172397,1
0
0
95,67
2214314,04
0
0
602,48
131,55
0
200
22,85
0
0
272807,38
0
0
337805,49
289128,29
104,62
25170,97
300
331771,17
0
0
33,1
98
0
1937,99
410
0
0
0
0
0
0
0
348338,21
63864
794,77
0
39581,42
0
0
10645
5075,37
1516
130,1
924,6
506
0
0
0
213652,63
0
0
0
2494,2
0
116869,6
0
10449,9
111
191759,09
0
0
0
22865
347093,62
0
153357,91
27000
0
5,2
0
0
0
0
0
0
10500
41680,4
0
0
0
0
40
0
66306,77
0
0
43211,34
0
0
0
0
283,57
0,06
0
0
0
6314,84
0
0
0
0,99
6,37
0,63
630,27
0
0
0
0
0
0
417,9
9476,83
0
39712,27
0
0
63,2
0
0
339257,19
0
348,63
0
0
8,56
0
0
0
46,9
954
30660,07
158904,33
339189,2
0
0
12303,48
308717,36
0
30
0
40478,65
0
0
0
0
69,92
0
0
106684,73
178062,84
22,67
3560,5
50000
0
0
84507,03
0
50292,35
0
509,23
0
34019,36
260769,95
0
0,75
0
621,78
27,2
0
0
0
1461,65
0
0
246249,47
0
2810,12
556726,86
66764,27
396293,91
4504105,02
0
12,58
14,2
1843174,6
0
266011,2
128082,04
0
0
0
17499,77
4,8
144716,85
242,67
51
13953,51
0
50
0
7
0
0
0
0
98999,49
56911,88
0
955082,3
137649,12
485102,94
5,75
0
0
460
0
1
0
0
0
0
0
0
18336,28
0
538945,64
143768,83
33,56
0
0
53,86
84
570000
559,31
9
6925,5
1167,13
0
0
48000
0
0
0
19685,24
0
0
10000
0
0
156770,27
177996,65
0
0
0
0
0
51450,52
0
81,6
0
88
419580,63
0
0
0
0
3716,25
26,12
0
0
25024
256904,11
904079,53
0
0
0,01
0
0
107,21
6132,2
122129,68
0
51754,51
0
0
0
504
381,07
0
0
34
0
0
0
121750,81
0
0
0
679,66
27,24
1780,97
5455,6
0
0
91,34
0
0
130,22
12194,92
44,65
0
3356,85
0
484,68
300
70199,57
0
0
30
122495,84
257124
24031,92
0
17894,53
362999,9
0
370
7731,11
0
286000
370961,67
0
107,6
0
0
296,3
0
21113,03
0,01
0
0
81751,03
20121,35
214481,41
23707,45
188885,35
35576,3
13,24
199,99
3,7
114375,58
3253,67
225,99
6650,9
43,48
181961,02
3227,31
0
0,4
1509,65
1941,79
196963,85
555,72
37555,19
129147,1
0
0,29
151600,86
0
0
1
242379,81
0
138
36055,41
180350,38
17541,16
40,73
246375,97
0
0
304584,83
0
98582,38
0
139,78
3606497,25
0
0
91556,75
0
662,48
0
666,74
0
1657
2000
0
8
0
0
0
0,1
0
634,84
20995,93
59066,41
233540,37
259,11
1425,25
6240
51018
775,15
1472,64
100858,72
0
2691,23
0
0
0
16,82
0
1948914,96
44,4
50000
0,19
114285,34
0
17,52
47618,96
0
0
4815
0
0
185505,99
0
0
0
0
229,56
0
0
99209,52
0
0
0
0
0
99062,01
0
381732,89
66,01
61825,94
0
94700,13
0
0
35,44
0
166020
2029,34
3381,39
0
0
0
0
0
0
687,6
0
0
756,94
17036,57
0
43618,23
0
0
0
22749,35
0
0
0
349673,25
153313,65
0
1700,01
1711966,32
0
238122
0
0
0
45538,79
0
0
148,96
840,75
0
7279,93
0
693,8
102102,1
0
4,16
90139,92
14079,83
227436,94
34775,4
0
0
0
0
0
0,99
0
0
0
0
1484,4
0
15382,5
0
0
820
0
0
0
77,69
0
0
0,2
0
0
159,38
0
51
77248,89
2352,23
5,38
0
0
0
0
0
0
0
0
1
0
0
0
0
0
723578,01
0
0
12,1
3407,8
38523,54
0
0
546597,67
22580,41
29,1
0,28
0
924020,55
0
225340,59
0
0
0
10750
0
0
0,54
52830,36
0
798,82
0
0
802,56
180,8
0
0
10950,41
399,51
34772,34
14062,2
104871,23
292,98
0
0
237153,57
277,34
0,06
0
0
0
0
500
472,23
83663,56
24,39
285
0
0
0
219027,76
92063,42
0
0
201,25
8904,02
0,24
0,96
0
56057,1
17,6
0
0
0
0
1,21
0
0,76
0
0
0
0
0
0
1,01
0
0
58,37
0
699,58
89773,17
1085,74
0
0
11745,84
178,24
0
0
0
0
20274,94
185
0
25240,55
17930,5
0
30177
154213,84
0
440,26
0
0
28205,13
0
0
59435,07
0
131717,7
3354,9
0
1055,43
2526,86
0
0
0
0
0
0
0
12583,95
0
2170003,08
11046491,38
562698,95
520385,77
0
341,15
53434,41
9960,01
1128,68
553,28
2784,28
0
0
0
0
169000
427,5
0
186139,4
0
730678,69
9362,8
0
397146,61
0
6,02
155
0
0
0
0
34426,03
0
0
0
0
0
0
0
0
114
0
0
13906,48
0
270012,28
88,42
0
0
0
54429,38
0
0
0
2,7
0
0
336
0
120602,4
122524,25
23,85
0
568575,04
3024
0
0
18129,35
0
0
0
976,24
12,01
85275
850,33
585,57
2147,8
0
0
25,2
52159,94
48070
0
0
227,33
15863
28,52
11847,58
2828,11
0
9824,54
28
59,71
1749,36
14280,02
12964,91
82105,63
0
41967,11
0
0
0
38441,32
48,52
0
202554,72
0
0,92
76,03
0
0
205893,02
0
160,72
0
0
256,83
483,86
0
305817,92
0
0
57,81
0
0
0
0
0
138661,77
2641
0
1095,99
476,7
0
2498,5
69607,45
504
0
0
17321,5
0
0
2366,09
436,47
0
678179,36
0
0
0
1,44
597,28
0
0
70
0
0,01
0
386024,49
54676,44
7452,77
33,05
0
0
0
0,35
41040
0
335
418,09
25,98
994,39
65
43685,81
0
0
0
0
36849,12
21877,89
0
0
0
0
0
0
399
0,02
11583,52
0
29119,45
12883,34
123000
40000
8875
290
334,72
38382,99
18774,3
8,02
0
3
0
0
516375,92
0
0
0
0
24549782,28
113641,07
545
0
0
14614,2
220,5
0
142,49
240
0
2542,2
0
1676,06
0
0
0
33419,33
0
2214188,54
7,72
188,57
10
0
1615
0
0
6075
0
0
0
0
0
0
0
91484,07
0
296810,88
5946,56
481156,08
15278,7
0
0
79766,42
0
0
400
0
571,67
967,65
0
0
0
4,53
0
207654,37
0
0
0
3574
291712,91
0
0
0
0
0
2314203,9
30
0
11900,12
0
0
0
2219,55
11
0
0
36869,27
0
0
0
645,5
0
0
2601,27
400,03
178,2
225,25
0
89190,14
52,39
0
10000
0,9
25462,81
17,12
51291,01
0,01
0
0
0
3,75
0
0
0
12326,57
355839,61
1358,88
506517,96
0
0,12
266
0
8370
0
4218
0
234,6
285,95
1883789,03
0
0
66932,93
0,05
338812,45
0
700
3884,1
0
734583,05
38,67
0
153021,64
0
2065,49
916,24
106479,9
0
0
0
3,9
106655,53
0
0
1847313,59
0
2
0,54
0
0
0
178,23
0
14278,73
100713,16
0,05
4458,35
0
10371,62
4120,98
0
0
100641,56
242469,35
0
0
537,2
0
0
61,75
0
0
522,46
0
0
0
4,77
0
13702,5
3189,33
387,31
367649,95
0
49,76
9360,48
0
0
45311,09
0
495,46
1531
73050,59
0
0
1612
26,47
20
0
28980,01
0
358,57
0
0
0
2000,4
2993,24
0
39,32
4,97
31011,02
12095,67
1316,31
1103,85
237,08
0
0
402571,65
7,49
36,68
74842,4
0
777
187,19
20
331,97
54917,65
0
0
38434,55
0
0
160,31
0
0
255494,09
0
29,26
0
0
2268
0
0
0
5,65
0
152127,18
721,66
683604,6
0
0
148840,82
0
186,9
236841,46
71067,76
0
23294,93
0
0
264,45
0
0
0
0
0
63,29
0
9938301,81
1384,4
1394404,29
0
27773,9
168,02
0
169,57
1651,88
0
0
0
0
0
0
18757,95
0
19751,93
0
3040
229,28
800,8
3657,2
0
0
35,48
0
0
0
0
5,1
0
0
0
162,96
1236,76
678035,61
300
0
3545
300
0
10,89
12670
0
0
3
0
121195,07
0
0
4,4
5929
17198,85
11717,75
130,9
0
0
0
0
0
0
1636357,23
1183453,19
49612,93
50207,27
11,68
112622,06
0
219,1
1500
108,84
5000
83096,78
2676,65
0
0
0
198,32
446,92
791295,18
0
188,89
737,4
130,55
0
0
2700
0
0,8
872,29
0
0
0
272,5
0
0
1717978,13
2350
16,18
168
61,11
779,09
0
0
0
64,93
0
44,7
887,23
3345,3
1752317,14
0
0
0
0,6
2538
15437,57
14,12
240
182,85
763,25
0
0
0
96883,06
0
12,82
0
5,16
11050
229,4
0
0
15900
0
25,62
19,32
102355,06
7602,92
179,72
234935,92
37644,28
11536,83
0,01
0
0
0
110,68
0
21,44
188026,4
74,31
0
1284,76
0
0
382,88
0
0
117,58
49
0
24940,43
0
6911,73
11860,57
0
32,55
3754
0
2630,32
22869,4
0
0
30000
13240,4
74,35
0,26
0
19993,96
11724,31
96445,82
2040
15062,16
3879,68
20498,05
27215,53
4
0
0
0
0
0
0
2000
100000
217,34
0
0
0
0
3174,6
0
37302,3
0
0
0
0
0
0
25
0
533,66
0
15,58
0
0
0
493338,55
0
0
0
0
0
36,71
0
147,72
1940
11145,66
610
191
1260
287910,13
0
252,52
0
13,01
398002,2
0
218,8
1080,3
0
12409,98
0
349,98
4534,08
0
0
0,01
4,01
0
0,03
0
0
113575,23
0
110,96
0
3006,75
0
0
0
60723,97
933,72
164555,19
0
0
0
528070,6
47112
198645
40859,5
383604
510588
475133
168012
1068990
0
493007,5
626496
211080,5
0
217876,86
179709,44
381,58
0
5,88
0
0
0
300,38
602,45
62666,71
3223,6
21,7
0
268,87
0
121
414,96
0
62451,67
72,02
117,29
0
0
0
0
32,05
447674,58
0
158,35
2942,19
0
0
0
372,01
45
0
91850,86
57205,27
4037,19
0
0,61
0
0
0
88501,77
203,96
0
0
10000
0
1114
40000
0
0
24380,25
10,94
5691,94
353103,47
1706,24
0
0
6107
0
34147,13
212135,64
46
0
0
4,05
142618,74
99605,46
0
163122,62
31838,68
35990,96
9,1
45950,91
30421,12
66,1
0
0
0
0
3394
102219,61
14942,5
0
266408,49
2,86
519574,34
0
0
0
3580,08
88108,27
0
149238,09
0
0
0
0,2
225,56
0,31
0
0
2575,26
1503,12
5,22
136156,73
26718
3,43
165530,46
0
0
10688,75
2299
0
1000
151,71
0,5
50374,39
4726,38
0
58120,48
0
266759,66
0
1051,44
0
0
127152,71
54784,36
13123,28
0
0,71
0
0
67,79
0
0
0
178591,29
0
0
11668
141739,69
0
0
0
0
0
943131,15
0
54477,6
0
0
0
0
0
0
0
45500
99676,64
0
2,4
0
0
0,4
0
141505,45
0
0
1345694,15
58105,69
0
210
330
9,39
0
0
6,05
5,3
117183,12
0
0
3,09
77,18
14,79
75
189999,98
0
408152,85
3,27
0
7314031,83
0
0,24
0
20441,39
0
0
0
0
0
82,59
0
0
0
81580,41
0
0
0
872190,22
0
0
0
0
49515,93
0
557060,44
44300
0,67
188364,11
0
0
0
866,6
0
0
649880,92
180,76
0
60000
0
0
0
0
0
787,2
0
331,44
20570
11
0
0
0
630,62
9,26
523373,25
141,32
0
1161,54
0
0
3052,51
608,88
0
16790,57
0
0,11
0
0
0
0
51043,47
90901,74
0
1,28
44922,78
0
0
1445225,72
0
0
143972,55
0
0
0
20523,8
0,08
0
0
0
1248
2400,3
84879,24
2850,04
0
124321,79
317,49
0
0,1
0
21630,68
7,87
0
0
0
0
0
1154308,69
0
516148,58
448,76
147448,18
0
35138,96
0
19338,87
88759,8
0
0
0
0,99
0
0
0
0
0
0
0
0
0
354,78
0
0
10,16
0
81
0
0
0
0
0
0
150744,34
364611,44
4730,85
53000
0
0
0
3486,5
0
21,29
2939,5
135565,38
86822,52
67164,72
0,05
13,17
0
703585,87
354243,81
4120586,77
0
0
0
162,62
392095,89
0
0
0
37,49
609241,85
129441,76
0
0
13,1
579285,69
139358,24
57142,63
0
975
32383,38
0,02
44,83
0,05
9,89
0,66
0
0
96,31
0
0
43679,44
341,85
0
3373
0
62,87
0
11,05
779
3,65
0
440
0
0
0
0
52944,87
0
0
21548,82
1952,78
3485,62
0
351,8
0
21441,23
0
0
0
0
17292,94
8606,68
428381,21
658,78
0
0
17,75
250
120520,32
0
327,72
0
1033904,92
0
15,83
8679,21
0
301005,72
1276,72
0
1540,16
569,16
179606,85
170746,02
0
4715,48
225,36
522,91
0
0
82844,28
0
0
16998,48
0
0
102202,81
4
184722,93
0
0
0
0
0
0,03
0
780
3774,66
969528,54
12341145,99
0
0
5,22
0,36
0
1016,42
0
3388,84
6588,05
144408,22
0
0
323620,28
0
0
42780,96
0
3367,35
37,68
60000
74,25
0
118689,29
384,94
83,05
2598,85
838,67
0
0
0
0
0,01
0
105510,21
55166,5
0
0
0
0
0
160962,78
3,89
0
1917,65
1261,16
0
5,36
0
3953,29
45,72
0
0
0
612060,24
135823,18
20,69
4,6
0
0
723,05
0
0
0,1
0
0
21,8
374,9
0
0
0
0
0
0,06
0
326981,5
0
0
0
0,01
0