№1

Напечатать числа в виде таблицы:
а) 
8 8 8
8 8 8
8 8 8
8 8 8
8 8 8
б) 
1 1 1 1 1
2 2 2 2 2
… … … … …
7 7 7 7 7
в) 
10 10 10 10
20 20 20 20
… … … …
80 80 80 80
г) 
12 12 12 12
22 22 22 22
… … … …
82 82 82 82
д) 
2 3 … 2 0
2 3 … 2 0
2 3 … 2 0
2 3 … 2 0
2 3 … 2 0
е) 
15 1 4 … 3
15 1 4 … 3
15 1 4 … 3
15 1 4 … 3
ж)
0 0 0 0 0 0
0 0 0 0 0
0 0 0 0
0 0 0
0 0
з) 
8 7 6 5 4 3 2 1
8 7 6 5 4 3 2
8 7 6 5 4 3
… … … … … … … …
8
и) 
2 3 4 5 6 7 8 9 1 0
3 4 5 6 7 8 9 1 0
4 5 6 7 8 9 1 0
… … … … … … … … …
9 10
й) 
2
2 3
2 3 4
… … … … …
2 3 4 1 0
к) 
3 3 3
4 4 4 4
5 5 5 5 5
6 6 6 6 6 6
л) 
21
22 22
23 23 23
24 24 24 24
25 25 25 25 25